# GIMP colorrc
# 
# This file holds a list of recently used colors.

(color-history
    (color-rgba 0.83137255907058716 0.83137255907058716 0.83137255907058716 1)
    (color-rgba 0.83137254901960789 0.83137254901960789 0.83137254901960789 6.9042076857025088e-310)
    (color-rgba 0.27058824896812439 0.27058824896812439 0.27058824896812439 1)
    (color-rgba 0.12156862765550613 0.12156862765550613 0.12156862765550613 1)
    (color-rgba 0.17647059261798859 0.20784313976764679 0.23137255012989044 1)
    (color-rgba 0.27843138575553894 0.32156863808631897 0.34509804844856262 1)
    (color-rgba 1 1 1 1)
    (color-rgba 0.92031986291589318 1 0.37583892617449666 1)
    (color-rgba 0 0 0 1)
    (color-rgba 0.74117647058823533 0.76470588235294112 0.68627450980392157 1)
    (color-rgba 0.50980392156862742 0.56862745098039214 0.50588235294117645 1)
    (color-rgba 0.51354401805869077 1 0.63316431168145515 1)
    (color-rgba 1 0.81592888313848255 0.45372460496613998 1)
    (color-rgba 0.87450980392156863 0.62745098039215685 0 1)
    (color-rgba 0.99215686274509807 0.96470588235294119 0.8901960784313725 1)
    (color-rgba 0.85882359743118286 0.73725491762161255 0.49803924560546875 1)
    (color-rgba 0.84705889225006104 0.82745105028152466 0.729411780834198 1)
    (color-rgba 0.7098214285714286 0.60206642431238799 0.063291075459529195 1)
    (color-rgba 0.65098041296005249 0.69019609689712524 0.62745100259780884 1)
    (color-rgba 0.51372551918029785 0.75294125080108643 0.57254904508590698 1)
    (color-rgba 0.65490196078431373 0.75294117647058822 0.50196078431372548 1)
    (color-rgba 0.20784313725490197 0.65490196078431373 0.48627450980392156 1)
    (color-rgba 0.57647058823529407 0.62352941176470589 0.56862745098039214 1)
    (color-rgba 0.87843143939971924 0.86274516582489014 0.78039222955703735 1)
    (color-rgba 0.93725490196078431 0.92156862745098034 0.83137254901960789 1)
    (color-rgba 0.93333339691162109 0.9960784912109375 0.74117648601531982 1)
    (color-rgba 0.90196078431372551 0.88627450980392153 0.80000000000000004 1)
    (color-rgba 0.9313797313797314 0.43321123321123323 0.17484737484737484 1)
    (color-rgba 0.93357753357753359 0.99584859584859586 0.73943833943833948 1)
    (color-rgba 0.82745105028152466 0.85882359743118286 0.89411771297454834 1)
    (color-rgba 0.98431378602981567 0.88627457618713379 0.73333334922790527 1)
    (color-rgba 0.54901963472366333 0.96078437566757202 0.72156864404678345 1)
    (color-rgba 0.54707654788777826 0.9598214285714286 0.72069143707371941 1)
    (color-rgba 0.9832589285714286 0.88698947618893509 0.73355999072879718 1)
    (color-rgba 0.80956117986133502 0.84125097957327633 0.86941964285714279 1)
    (color-rgba 0.82737927281522095 0.86067624355046768 0.8939732142857143 1)
    (color-rgba 0.74106638987423412 0.78347962350854572 0.82589285714285721 1)
    (color-rgba 0.62071710738471464 0.66471123226378592 0.70870535714285721 1)
    (color-rgba 0.7438250765881973 0.77872057400838435 0.8136160714285714 1)
    (color-rgba 0.93725496530532837 0.94117653369903564 0.94509810209274292 1)
    (color-rgba 0.5851766567236375 0.6536374355046759 0.7220982142857143 1)
    (color-rgba 0.54129464285714279 0.46614877257336335 0.4701038167958399 1)
    (color-rgba 0.38220533698806841 0.87276785714285721 0.589331758320078 1)
    (color-rgba 0.24336907449209935 0.78125 0.4704743803928586 1)
    (color-rgba 0.98967587947845459 0.86104339361190796 0.66097560975609748 1)
    (color-rgba 0.15294117647058825 0.68235294117647061 0.37647058823529411 1)
    (color-rgba 0.43921571969985962 0.4901961088180542 0.54117649793624878 1)
    (color-rgba 0.39668947458267212 0.32113757729530334 0.32604107260704041 1)
    (color-rgba 0.53292682926829271 0.45243902439024386 0.45731707317073172 1)
    (color-rgba 0.29895472526550293 0.34808441996574402 0.39606782793998718 1)
    (color-rgba 0.34793937206268311 0.39773055911064148 0.44684529304504395 1)
    (color-rgba 0.70653384923934937 0.7140575647354126 0.72157138586044312 1)
    (color-rgba 0.8901960784313725 0.89803921568627454 0.90588235294117647 1)
    (color-rgba 0.59175151586532593 0.59904325008392334 0.60631632804870605 1)
    (color-rgba 0.96862745098039216 0.96862745098039216 0.96862745098039216 1)
    (color-rgba 0.71764707565307617 0.12549020349979401 0.14901961386203766 1)
    (color-rgba 0.99215686321258545 0.72156864404678345 0.14509804546833038 1)
    (color-rgba 0.76470589637756348 0.55686277151107788 0.11372549086809158 1)
    (color-rgba 0.066666670143604279 0.56862747669219971 0.81568628549575806 1)
    (color-rgba 0.21176470816135406 0.30588236451148987 0.63529413938522339 1)
    (color-rgba 0.765625 0.55748811685975819 0.11406602708803612 1)
    (color-rgba 0.99607843160629272 0.83921569585800171 0.27450981736183167 1)
    (color-rgba 0.729411780834198 0.61960786581039429 0.15294118225574493 1)
    (color-rgba 0.21960784494876862 0.45490196347236633 0.65098041296005249 1)
    (color-rgba 0 0.21176470816135406 0.38823530077934265 1)
    (color-rgba 0.7276785714285714 0.61767253491467689 0.15358452918413412 1)
    (color-rgba 0.86160714285714279 0.73570268788290771 0.20616333440825538 1)
    (color-rgba 0.70625509380794493 0.7354910714285714 0.16602507255723958 1)
    (color-rgba 0 0.21125907203730238 0.3895089285714286 1)
    (color-rgba 0.21960784494876862 0.47058823704719543 0.68235296010971069 1)
    (color-rgba 0.47163120567375882 0 0 1)
    (color-rgba 0.82978723404255317 0 0 1)
    (color-rgba 1 0 0 1)
    (color-rgba 0 0 1 1)
    (color-rgba 0 1 0 1)
    (color-rgba 0.98226950354609932 0.61968680089485462 0.61968680089485462 1)
    (color-rgba 0.98226950354609932 0.31643581322290448 0.31643581322290448 1)
    (color-rgba 0.76950354609929073 0.27888047979437386 0.27888047979437386 1)
    (color-rgba 0.21176472306251526 0.21176472306251526 0.21176472306251526 1)
    (color-rgba 0.85106382978723405 0 0 1)
    (color-rgba 0.71985815602836878 0.28987576752820216 0.28987576752820216 1)
    (color-rgba 0.060283687943262443 0.060283687943262443 0.0076871816840401799 1)
    (color-rgba 1 1 0.7137255072593689 1)
    (color-rgba 1 1 1 6.9466085923331763e-310)
    (color-rgba 0.19215686274509805 0.25490196078431371 0.31764705882352939 1)
    (color-rgba 0.75305618767235505 0.900709219858156 0.40501689752011044 1)
    (color-rgba 0.089485458612975355 0.83333333333333337 0.23392196205348254 1)
    (color-rgba 0.35686275362968445 0.76078438758850098 0.43529415130615234 1)
    (color-rgba 0.25098040699958801 0.73725491762161255 0.34509804844856262 1)
    (color-rgba 0.88889564047019365 0.8936170212765957 0.67171212337569608 1)
    (color-rgba 0.68085106382978722 0.073111523632728798 0.21534843729587028 1)
    (color-rgba 0.73758865248226946 0.25246323004426668 0.53115230250865109 1)
    (color-rgba 0.25246323004426668 0.73758865248226946 0.34535958753239487 1)
    (color-rgba 0.35817982769289353 0.76241134751773054 0.43558586340403249 1)
    (color-rgba 0.76030412164865946 0.20208083233293311 0.26876282530535583 1)
    (color-rgba 0.87234042553191493 0.86785602522930905 0.84892189061830647 1)
    (color-rgba 0.81599881712295541 0.82269503546099287 0.50797277357323045 1)
    (color-rgba 0.8936170212765957 0.8936170212765957 0.8936170212765957 1)
    (color-rgba 0.94326241134751776 0.94326241134751776 0.94326241134751776 1)
    (color-rgba 0.2326383930696368 0.2326383930696368 0.40780141843971629 1))

# end of colorrc
